19 12
8 8 8 8 8 8 8 8 8 8 8 8 8 8 8 8 8 8 8
8 8 8 8 8 8 8 8 8 8 8 8 8 8 8 8 8 8 8
8 8 69 70 70 70 69 70 69 70 69 69 70 70 69 69 70 8 8
8 8 70 82 82 77 77 77 69 69 69 69 69 77 77 70 70 8 8
8 8 69 83 85 78 78 78 70 69 69 70 69 78 78 70 69 8 8
8 8 70 84 86 79 79 79 71 72 72 72 73 79 79 69 69 8 8
8 8 70 74 81 74 81 74 76 74 74 80 75 74 74 74 70 8 8
8 8 69 80 74 81 80 81 74 80 74 74 74 81 80 74 70 8 8
8 8 69 74 74 80 74 74 74 74 81 74 74 74 74 74 70 8 8
8 8 70 81 74 74 74 74 80 74 74 74 80 74 74 81 69 8 8
8 8 8 8 8 8 8 8 8 8 8 8 8 8 8 8 8 8 8
8 8 8 8 8 8 8 8 8 8 8 8 8 8 8 8 8 8 8